!
linspace(0,7,16)

ans =

  Columns 1 through 12

         0    0.4667    0.9333    1.4000    1.8667    2.3333    2.8000    3.2667    3.7333    4.2000    4.6667    5.1333

  Columns 13 through 16

    5.6000    6.0667    6.5333    7.0000

linspace(0,7,12)

ans =

         0    0.6364    1.2727    1.9091    2.5455    3.1818    3.8182    4.4545    5.0909    5.7273    6.3636    7.0000

linspace(0,7,15)

ans =

  Columns 1 through 12

         0    0.5000    1.0000    1.5000    2.0000    2.5000    3.0000    3.5000    4.0000    4.5000    5.0000    5.5000

  Columns 13 through 15

    6.0000    6.5000    7.0000

help fliplr
 <strong>fliplr</strong> Flip matrix in left/right direction.
    <strong>fliplr</strong>(X) returns X with row preserved and columns flipped
    in the left/right direction.
    
    X = 1 2 3     becomes  3 2 1
        4 5 6              6 5 4
 
    Class support for input X:
       float: double, single
 
    See also <a href="matlab:help flipud">flipud</a>, <a href="matlab:help rot90">rot90</a>, <a href="matlab:help flipdim">flipdim</a>.

    Overloaded methods:
       <a href="matlab:help categorical/fliplr">categorical/fliplr</a>

    Reference page in Help browser
       <a href="matlab:doc fliplr">doc fliplr</a>

doc rem
a=[1 2 3;4 5 6;7 8 9];
rem(a)
{Error using <a href="matlab:helpUtils.errorDocCallback('rem')" style="font-weight:bold">rem</a>
Not enough input arguments.
} 
rem(a,3)

ans =

     1     2     0
     1     2     0
     1     2     0

rem(a,4)

ans =

     1     2     3
     0     1     2
     3     0     1

rem(a,4)==1

ans =

     1     0     0
     0     1     0
     0     0     1

rem(a,4)<=1

ans =

     1     0     0
     1     1     0
     0     1     1

rem(a,2)<=1

ans =

     1     1     1
     1     1     1
     1     1     1

rem(a,2)==1

ans =

     1     0     1
     0     1     0
     1     0     1

a=[2.73 0.2 0.22 0.19 0.18 0.19;20 8 17 9 15 11];
anova1(a)

ans =

    0.9629

anova1(zscore(a))

ans =

     1

realmin

ans =

  2.2251e-308

b=[0.25 0.1 0.2125 0.1125 0.1875 0.1375;0.7358 0.0539 0.0592 0.0512 0.0485];
{Error using <a href="matlab:helpUtils.errorDocCallback('vertcat')" style="font-weight:bold">vertcat</a>
CAT arguments dimensions are not consistent.
} 
b=[0.25 0.1 0.2125 0.1125 0.1875 0.1375;0.7358 0.0539 0.0592 0.0512 0.0485 0.0512];
anova1(b)

ans =

    0.1908

anova1(zscore(b))

ans =

     1

anova1(b)

ans =

    0.1908

manova1(b)
{Error using <a href="matlab:helpUtils.errorDocCallback('manova1', 'D:\matlab2012a\toolbox\stats\stats\manova1.m', 68)" style="font-weight:bold">manova1</a> (<a href="matlab: opentoline('D:\matlab2012a\toolbox\stats\stats\manova1.m',68,0)">line 68</a>)
Not enough input arguments.
} 
  doc anova2
