a=[25.8 42.6 24.7 3.9 3 0
    15.3 20.2 49.8 9.7 1.9 3.1
    12.2 24.9 43.6 13.3 2.6 3.4
    11.5 24.1 52.8 8.3 1.7 1.6
    5.2 39.8 35.2 9.5 6.2 4.1
    5.6 32.8 35.6 16.6 4.4 5.3]/100;
b=[15.3 20.2 49.8 9.7 1.9 3.1
    12.2 24.9 43.6 13.3 2.6 3.4
    11.5 24.1 52.8 8.3 1.7 1.6
    5.2 39.8 35.2 9.5 6.2 4.1
    5.6 32.8 35.6 16.6 4.4 5.3
    5.9 33.1 34.7 14 5.5 6.8]/100;
c=[12.2 24.9 43.6 13.3 2.6 3.4
    11.5 24.1 52.8 8.3 1.7 1.6
    5.2 39.8 35.2 9.5 6.2 4.1
    5.6 32.8 35.6 16.6 4.4 5.3
    5.9 33.1 34.7 14 5.5 6.8
    4.4 44 28.3 10 3.2 10]/100;
d=[11.5 24.1 52.8 8.3 1.7 1.6
    5.2 39.8 35.2 9.5 6.2 4.1
    5.6 32.8 35.6 16.6 4.4 5.3
    5.9 33.1 34.7 14 5.5 6.8
    4.4 44 28.3 10 3.2 10
    4.7 41.5 31.3 6.4 5.8 10.3]/100;
e=[5.2 39.8 35.2 9.5 6.2 4.1
    5.6 32.8 35.6 16.6 4.4 5.3
    5.9 33.1 34.7 14 5.5 6.8
    4.4 44 28.3 10 3.2 10
    4.7 41.5 31.3 6.4 5.8 10.3
    1.2 26.9 39.9 14.8 5.9 11.3]/100;
x1=a\b;
x2=b\c;
x3=c\d;
x4=d\e;
t=x3\x4;
x=[];
for i=5:14
    xi=x4*t^(i-4);
end
for m=10:19
    km=[1.2 26.9 39.9 14.8 5.9 11.3]/100;
end
i=5;
sum(km*x5)
for m=10:19
    km=km*xi;
    prettify(sum(km));
    i=i+1;
end


