ans =

     3     2


ans =

    97     4


ans =

     5     1


ans =

  Columns 1 through 9

     6     8    13    10    11    12     9     7    14

  Columns 10 through 18

    17    15    16    21    23    24    18    19    20

  Columns 19 through 20

    22    29


ans =

    27    25    26    28


ans =

    30    31    34    36


ans =

    33    35    32    37    39    40


ans =

    44    47    48    41    42    43    49


ans =

    50    38    45


ans =

    46    56    54    51    52    53    55    57    59


ans =

    60    58    63    62    61    64    65    67    66


ans =

    72    68    71    73


ans =

    69    70    74    75    76


ans =

    79    80
