ans =

     1     2


ans =

   Empty matrix: 1-by-0


ans =

   Empty matrix: 1-by-0


ans =

   Empty matrix: 1-by-0


ans =

     3     4     5


ans =

     6     7


ans =

     8     9    10    11    12


ans =

    13    14


ans =

   Empty matrix: 1-by-0


ans =

    15    16    17    18    19    20    21    22


ans =

   Empty matrix: 1-by-0


ans =

    23    24    25    26


ans =

    27    28    29    30    31


ans =

    32    33
