ans =

     3     2


ans =

     4     5


ans =

    97     1


ans =

  Columns 1 through 9

     6     8    13    10    11    12     9     7    14

  Columns 10 through 18

    17    15    16    21    23    24    18    19    20

  Columns 19 through 20

    22    29


ans =

    27    25    26    28


ans =

    30    31    34    36


ans =

    33    35    32    37    39    40


ans =

    44    47    48    41    42    43    49


ans =

    50    38    45    46    56    54    51    52    53


ans =

  Columns 1 through 9

    55    57    59    60    58    63    62    61    64

  Column 10

    65


ans =

  Columns 1 through 9

    67    66    69    70    74    72    68    71    73

  Columns 10 through 18

    75    76    77    78    79    80    88    81    83

  Columns 19 through 20

    86    89


ans =

    82    84    85    87


ans =

    92    95    90    91    99   101   102


ans =

   100    93    94    96    98