function y=shuzhi(t,x)
% a=0.089487632;            %G病人的周接触率
% b=0.049154387;            %病人的周治愈率
% a=0.235660447;            %利比里亚
% b=0.074676766;
a=1.623311512;            %S
b=0.052117843;
y=[a*x(1)*x(2)-b*x(1);-a*x(1)*x(2);b*x(1)];
